5.548717855482906E-22
5.548717855482906E-22
5.548717855482906E-22
5.548717855482906E-22
5.548717855482906E-22
5.548717855482906E-22
5.548717855482906E-22
5.548717855482906E-22
5.548717855482906E-22
5.548717855482906E-22
5.548717855482906E-22
5.548717855482906E-22
5.548717855482906E-22
5.548717855482906E-22
5.548717855482906E-22
5.548717855482906E-22
5.548717855482906E-22
5.548717855482906E-22
5.548717855482906E-22
5.548717855482906E-22
5.548717855482906E-22
5.548717855482906E-22
5.548717855482906E-22
5.548717855482906E-22
5.548717855482906E-22
5.548717855482906E-22
5.548717855482906E-22
5.548717855482906E-22
5.548717855482906E-22
5.548717855482906E-22
5.548717855482906E-22
5.548717855482906E-22
5.548717855482906E-22
5.548717855482906E-22
5.548717855482906E-22
5.548717855482906E-22
5.548717855482906E-22
5.548717855482906E-22
5.548717855482906E-22
5.548717855482906E-22
5.548717855482906E-22
5.548717855482906E-22
5.548717855482906E-22
5.548717855482906E-22
5.548717855482906E-22
5.548717855482906E-22
5.548717855482906E-22
5.548717855482906E-22
1.793078394043743E-30
1.7931235330268145E-30
1.7931235330268145E-30
1.7931235330268145E-30
1.792676657094406E-30
1.7931235330268145E-30
1.792676657094406E-30
1.792676657094406E-30
1.7931190191285073E-30
1.7931190191285073E-30
1.7930738801454357E-30
1.7927172821791703E-30
1.7927217960774774E-30
1.792712768280863E-30
1.7927217960774774E-30
1.792739851670706E-30
1.792739851670706E-30
1.792739851670706E-30
1.7927443655690132E-30
1.792739851670706E-30
1.792735337772399E-30
1.7927263099757846E-30
1.7927308238740918E-30
1.7927217960774774E-30
1.7927263099757846E-30
1.7927037404842488E-30
5.548717855482906E-22
5.548717855482906E-22
5.548717855482906E-22
5.548717855482906E-22
5.548717855482906E-22
5.548717855482906E-22
5.548717855482906E-22
5.548717855482906E-22
5.548717855482906E-22
5.548717855482906E-22
5.548717855482906E-22
5.548717855482906E-22
5.548717855482906E-22
5.548717855482906E-22
5.548717855482906E-22
5.548717855482906E-22
5.548717855482906E-22
5.548717855482906E-22
5.548717855482906E-22
5.548717855482906E-22
5.548717855482906E-22
5.548717855482906E-22
5.548717855482906E-22
5.548717855482906E-22
5.548717855482906E-22
5.548717855482906E-22
5.548717855482906E-22
5.548717855482906E-22
5.548717855482906E-22
5.548717855482906E-22
5.548717855482906E-22
5.548717855482906E-22
5.548717855482906E-22
5.548717855482906E-22
5.548717855482906E-22
5.548717855482906E-22
5.548717855482906E-22
5.548717855482906E-22
5.548717855482906E-22
5.548717855482906E-22
5.548717855482906E-22
5.548717855482906E-22
5.548717855482906E-22
5.548717855482906E-22
5.548717855482906E-22
5.548717855482906E-22
5.548717855482906E-22
5.548717855482906E-22
5.548717855482906E-22
5.548717855482906E-22
5.548717855482906E-22
5.548717855482906E-22
5.548717855482906E-22
5.548717855482906E-22
5.548717855482906E-22
5.548717855482906E-22
5.548717855482906E-22
5.548717855482906E-22
5.548717855482906E-22
5.548717855482906E-22
5.548717855482906E-22
5.548717855482906E-22
5.548717855482906E-22
5.548717855482906E-22
5.548717855482906E-22
5.548717855482906E-22
5.548717855482906E-22
5.548717855482906E-22
5.548717855482906E-22
5.548717855482906E-22
5.548717855482906E-22
5.548717855482906E-22
5.548717855482906E-22
5.548717855482906E-22
5.548717855482906E-22
5.548717855482906E-22
5.548717855482906E-22
5.548717855482906E-22
5.548717855482906E-22
5.548717855482906E-22
5.548717855482906E-22
5.548717855482906E-22
5.548717855482906E-22
5.548717855482906E-22
5.548717855482906E-22
5.548717855482906E-22
5.548717855482906E-22
5.548717855482906E-22
5.548717855482906E-22
5.548717855482906E-22
5.548717855482906E-22
5.548717855482906E-22
5.548717855482906E-22
5.548717855482906E-22
5.548717855482906E-22
5.548717855482906E-22
5.548717855482906E-22
5.548717855482906E-22
5.548717855482906E-22
5.548717855482906E-22
5.548717855482906E-22
5.548717855482906E-22
5.548717855482906E-22
5.548717855482906E-22
5.548717855482906E-22
5.548717855482906E-22
5.548717855482906E-22
5.548717855482906E-22
5.548717855482906E-22
5.548717855482906E-22
5.548717855482906E-22
5.548717855482906E-22
5.548717855482906E-22
5.548717855482906E-22
5.548717855482906E-22
5.548717855482906E-22
5.548717855482906E-22
5.548717855482906E-22
5.548717855482906E-22
5.548717855482906E-22
5.548717855482906E-22
5.548717855482906E-22
5.548717855482906E-22
5.548717855482906E-22
5.548717855482906E-22
5.548717855482906E-22
5.548717855482906E-22
5.548717855482906E-22
5.548717855482906E-22
5.548717855482906E-22
5.548717855482906E-22
5.548717855482906E-22
5.548717855482906E-22
5.548717855482906E-22
5.548717855482906E-22
5.548717855482906E-22
5.548717855482906E-22
5.548717855482906E-22
5.548717855482906E-22
5.548717855482906E-22
5.548717855482906E-22
5.548717855482906E-22
5.548717855482906E-22
5.548717855482906E-22
5.548717855482906E-22
5.548717855482906E-22
5.548717855482906E-22
5.548717855482906E-22
5.548717855482906E-22
5.548717855482906E-22
5.548717855482906E-22
5.548717855482906E-22
5.548717855482906E-22
5.548717855482906E-22
5.548717855482906E-22
5.548717855482906E-22
1.7926901987893273E-30
1.7927172821791703E-30
1.7927217960774774E-30
1.7927217960774774E-30
1.7927172821791703E-30
1.7927172821791703E-30
1.7927172821791703E-30
1.792708254382556E-30
1.7926947126876345E-30
1.7931190191285073E-30
1.7931235330268145E-30
1.7927037404842488E-30
1.7927217960774774E-30
1.792712768280863E-30
1.7927217960774774E-30
1.792708254382556E-30
1.7931235330268145E-30
1.792676657094406E-30
1.7931235330268145E-30
1.7931235330268145E-30
1.7931235330268145E-30
1.792712768280863E-30
1.7931235330268145E-30
1.793109991331893E-30
1.7927217960774774E-30
1.7927217960774774E-30
1.7927172821791703E-30
1.7927217960774774E-30
1.792712768280863E-30
1.792676657094406E-30
1.793105477433586E-30
1.7926947126876345E-30
1.792712768280863E-30
1.792712768280863E-30
1.792712768280863E-30
1.7931235330268145E-30
1.7927172821791703E-30
1.7927172821791703E-30
1.792712768280863E-30
1.792712768280863E-30
1.792712768280863E-30
1.793105477433586E-30
1.7931235330268145E-30
1.7931190191285073E-30
5.548717855482906E-22
5.548717855482906E-22
5.548717855482906E-22
5.548717855482906E-22
5.548717855482906E-22
5.548717855482906E-22
5.548717855482906E-22
5.548717855482906E-22
5.548717855482906E-22
5.548717855482906E-22
5.548717855482906E-22
5.548717855482906E-22
5.548717855482906E-22
5.548717855482906E-22
5.548717855482906E-22
5.548717855482906E-22
5.548717855482906E-22
5.548717855482906E-22
5.548717855482906E-22
5.548717855482906E-22
5.548717855482906E-22
5.548717855482906E-22
5.548717855482906E-22
5.548717855482906E-22
5.548717855482906E-22
5.548717855482906E-22
5.548717855482906E-22
5.548717855482906E-22
5.548717855482906E-22
5.548717855482906E-22
5.548717855482906E-22
5.548717855482906E-22
5.548717855482906E-22
5.548717855482906E-22
5.548717855482906E-22
5.548717855482906E-22
5.548717855482906E-22
5.548717855482906E-22
5.548717855482906E-22
5.548717855482906E-22
5.548717855482906E-22
5.548717855482906E-22
5.548717855482906E-22
5.548717855482906E-22
5.548717855482906E-22
5.548717855482906E-22
5.548717855482906E-22
5.548717855482906E-22
5.548717855482906E-22
5.548717855482906E-22
5.548717855482906E-22
5.548717855482906E-22
5.548717855482906E-22
5.548717855482906E-22
5.548717855482906E-22
5.548717855482906E-22
5.548717855482906E-22
5.548717855482906E-22
5.548717855482906E-22
5.548717855482906E-22
5.548717855482906E-22
5.548717855482906E-22
5.548717855482906E-22
5.548717855482906E-22
5.548717855482906E-22
5.548717855482906E-22
5.548717855482906E-22
5.548717855482906E-22
5.548717855482906E-22
5.548717855482906E-22
5.548717855482906E-22
5.548717855482906E-22
5.548717855482906E-22
5.548717855482906E-22
5.548717855482906E-22
5.548717855482906E-22
5.548717855482906E-22
5.548717855482906E-22
5.548717855482906E-22
5.548717855482906E-22
5.548717855482906E-22
5.548717855482906E-22
5.548717855482906E-22
5.548717855482906E-22
5.548717855482906E-22
5.548717855482906E-22
5.548717855482906E-22
5.548717855482906E-22
5.548717855482906E-22
5.548717855482906E-22
5.548717855482906E-22
5.548717855482906E-22
5.548717855482906E-22
5.548717855482906E-22
5.548717855482906E-22
5.548717855482906E-22
5.548717855482906E-22
5.548717855482906E-22
5.548717855482906E-22
5.548717855482906E-22
5.548717855482906E-22
5.548717855482906E-22
5.548717855482906E-22
5.548717855482906E-22
5.548717855482906E-22
5.548717855482906E-22
5.548717855482906E-22
5.548717855482906E-22
5.548717855482906E-22
5.548717855482906E-22
5.548717855482906E-22
5.548717855482906E-22
5.548717855482906E-22
5.548717855482906E-22
5.548717855482906E-22
5.548717855482906E-22
5.548717855482906E-22
5.548717855482906E-22
5.548717855482906E-22
5.548717855482906E-22
5.548717855482906E-22
5.548717855482906E-22
5.548717855482906E-22
5.548717855482906E-22
5.548717855482906E-22
5.548717855482906E-22
5.548717855482906E-22
5.548717855482906E-22
5.548717855482906E-22
5.548717855482906E-22
5.548717855482906E-22
5.548717855482906E-22
5.548717855482906E-22
5.548717855482906E-22
5.548717855482906E-22
5.548717855482906E-22
Started At:0.0
Ended At:2.09768448E8
Total Distance Travelled:2.09768448E8
Motor ID:1
