Time EncoderPos
5.960000000000036E-4 4.1026148743239435E-34
0.004231999999999971 -4.062479080743974E19
0.004807999999999993 -4.062479080743974E19
0.005141000000000076 -4.062479080743974E19
0.005452999999999974 -4.062479080743974E19
0.005742000000000189 -4.062479080743974E19
0.006009000000000014 -4.062479080743974E19
0.006264000000000124 -4.062479080743974E19
0.006564000000000306 -4.062479080743974E19
0.006839000000000397 -4.062479080743974E19
0.007097000000000207 -4.062479080743974E19
0.015700000000000273 -4.062479080743974E19
0.03568600000000015 -4.062479080743974E19
0.05596600000000035 -4.062479080743974E19
0.07607400000000007 -4.062479080743974E19
0.09577800000000025 -4.062479080743974E19
0.11575900000000001 -4.062479080743974E19
0.1357170000000001 -4.062479080743974E19
0.15573 -4.062479080743974E19
0.17599000000000023 -4.062479080743974E19
0.1959960000000001 -4.062479080743974E19
0.21629300000000012 -4.062479080743974E19
0.236116 -4.062479080743974E19
0.256116 -4.062479080743974E19
0.2760820000000003 -4.062479080743974E19
0.29600800000000027 -4.062479080743974E19
0.3159570000000003 -4.062479080743974E19
0.3359690000000001 -4.062479080743974E19
0.355951 -4.062479080743974E19
0.37582700000000024 -4.062479080743974E19
0.39576900000000026 -4.062479080743974E19
0.4157560000000003 -4.062479080743974E19
0.4357430000000004 -4.062479080743974E19
0.4557600000000002 -4.062479080743974E19
0.47601800000000005 -4.062479080743974E19
0.49581100000000017 -4.062479080743974E19
0.5157280000000001 -4.062479080743974E19
0.5357560000000003 -4.062479080743974E19
0.5557200000000002 -4.062479080743974E19
0.5757460000000001 -4.062479080743974E19
0.595759 -4.062479080743974E19
0.6157940000000003 -4.062479080743974E19
0.6357420000000001 -4.062479080743974E19
0.6557890000000002 -4.062479080743974E19
0.675748 -4.062479080743974E19
0.6957710000000001 -4.062479080743974E19
0.715844 -4.062479080743974E19
0.7357760000000003 -4.062479080743974E19
0.7557650000000004 -4.062479080743974E19
0.7781840000000002 -4.062479080743974E19
0.7959790000000002 -4.062479080743974E19
0.8159940000000001 -4.062479080743974E19
0.8359390000000003 -4.062479080743974E19
0.8559990000000003 -4.062479080743974E19
0.8759280000000004 -4.062479080743974E19
0.8958580000000002 -4.062479080743974E19
0.9158390000000004 -4.062479080743974E19
0.935864 0.0
0.955857 -4.062479080743974E19
0.9759360000000001 -4.062479080743974E19
0.996562 -4.062479080743974E19
1.0158959999999997 -4.062479080743974E19
1.0358469999999997 -4.062479080743974E19
1.055844 -4.062479080743974E19
1.0758519999999998 -4.062479080743974E19
1.0957660000000005 -4.062479080743974E19
1.1156930000000003 -4.062479080743974E19
1.1356980000000003 -4.062479080743974E19
1.1557480000000004 -4.062479080743974E19
1.1759279999999999 -4.062479080743974E19
1.195964 -4.062479080743974E19
1.2161800000000003 -4.062479080743974E19
1.236045 -4.062479080743974E19
1.2558940000000003 -4.062479080743974E19
1.2759760000000007 -4.062479080743974E19
1.296076 -4.062479080743974E19
1.3158980000000002 -4.062479080743974E19
1.3357620000000006 -4.062479080743974E19
1.3557470000000003 -4.062479080743974E19
1.3757700000000004 -4.062479080743974E19
1.395737 -4.062479080743974E19
1.4157179999999998 -4.062479080743974E19
1.435764 -4.062479080743974E19
1.4557520000000004 -4.062479080743974E19
1.4757060000000002 -4.062479080743974E19
1.4957179999999999 -4.062479080743974E19
1.5157040000000006 -4.062479080743974E19
1.5357480000000006 -4.062479080743974E19
1.555751 -4.062479080743974E19
1.5757579999999998 -4.062479080743974E19
1.5957489999999999 0.028900325298309326
1.6157840000000006 -4.062479080743974E19
1.6357250000000003 -4.062479080743974E19
1.6618860000000004 -4.062479080743974E19
1.6757309999999999 -4.062479080743974E19
1.6957550000000001 -4.062479080743974E19
1.71571 -4.062479080743974E19
1.7357179999999999 -4.062479080743974E19
1.7557489999999998 -4.062479080743974E19
1.7757319999999999 -4.062479080743974E19
1.795794 -4.062479080743974E19
1.8157520000000005 -4.062479080743974E19
1.835759 -4.062479080743974E19
1.8557420000000002 -4.062479080743974E19
1.875737 -4.062479080743974E19
1.895776 -4.062479080743974E19
1.9157080000000006 -4.062479080743974E19
1.9357120000000005 -4.062479080743974E19
1.9557219999999997 -4.062479080743974E19
1.9757080000000005 -4.062479080743974E19
1.9959030000000002 -4.062479080743974E19
2.016 -4.062479080743974E19
2.035822 -4.062479080743974E19
2.0557120000000006 -4.062479080743974E19
2.075714 -4.062479080743974E19
2.0957210000000006 -4.062479080743974E19
2.1157489999999997 -4.062479080743974E19
2.1357290000000004 -4.062479080743974E19
2.1557440000000008 -4.062479080743974E19
2.1757600000000004 -4.062479080743974E19
2.19637 -4.062479080743974E19
2.2157610000000005 0.0
2.2358060000000006 7.793218158592E12
2.2557120000000004 1.8459719891101656E-25
2.2757889999999996 1.8459719891101656E-25
2.296203 1.8459719891101656E-25
2.3172610000000002 1.8459719891101656E-25
2.3357920000000005 1.8459719891101656E-25
2.3558440000000003 1.8459719891101656E-25
2.375915 1.8459719891101656E-25
2.3959520000000003 1.8459719891101656E-25
2.41599 1.8459719891101656E-25
2.4357290000000003 1.8459719891101656E-25
2.455715 1.8459719891101656E-25
2.4758100000000005 1.8459719891101656E-25
2.4956900000000006 1.8459719891101656E-25
2.5157380000000003 1.8459719891101656E-25
2.535715 1.8459719891101656E-25
2.5556990000000006 1.8459719891101656E-25
2.5756980000000005 1.8459719891101656E-25
2.5957470000000002 1.8459719891101656E-25
2.6159490000000005 1.8459719891101656E-25
2.6359760000000008 1.8459719891101656E-25
2.6558910000000004 1.8459719891101656E-25
2.675937 1.8459719891101656E-25
2.6958580000000003 1.8459719891101656E-25
2.715776 1.8459719891101656E-25
2.7357570000000004 1.8459719891101656E-25
2.755727 1.8459719891101656E-25
2.775742 1.8459719891101656E-25
2.7957340000000004 1.8459719891101656E-25
2.815768 1.8459719891101656E-25
2.835772 1.8459719891101656E-25
2.855781 1.8459719891101656E-25
2.8757330000000003 1.8459719891101656E-25
2.895769 1.8459719891101656E-25
2.9157740000000003 1.8459719891101656E-25
2.93578 1.8459719891101656E-25
2.955728 1.8459719891101656E-25
2.9757629999999997 1.8459719891101656E-25
2.9957300000000004 1.8459719891101656E-25
3.0157390000000004 1.8459719891101656E-25
3.0357880000000006 1.8459719891101656E-25
3.055705 1.8459719891101656E-25
3.075741 1.8459719891101656E-25
3.0957790000000003 1.8459719891101656E-25
3.1157709999999996 1.8459719891101656E-25
3.1357269999999997 1.8459719891101656E-25
3.1557960000000005 1.8459719891101656E-25
3.1757359999999997 1.8459719891101656E-25
3.1957790000000004 1.8459719891101656E-25
3.2157709999999997 1.8459719891101656E-25
3.235916 1.8459719891101656E-25
3.2557260000000006 1.8459719891101656E-25
3.275741 1.8459719891101656E-25
3.295749 1.8459719891101656E-25
3.315763 1.8459719891101656E-25
3.3357740000000002 1.8459719891101656E-25
3.355762000000001 1.8459719891101656E-25
3.375818 1.8459719891101656E-25
3.3957430000000004 1.8459719891101656E-25
3.4160120000000007 1.8459719891101656E-25
3.4358090000000003 1.8459719891101656E-25
3.455942 1.8459719891101656E-25
3.4757520000000004 1.8459719891101656E-25
3.495733 1.8459719891101656E-25
3.515736 1.8459601561965873E-25
3.5357740000000004 -7.12797067411456E14
3.5557730000000003 -7.04356382932992E14
3.575901 -7.04348866740224E14
3.596139 -7.0484708294656E14
3.616005 -7.04839566753792E14
3.6360230000000002 -7.0457864749056E14
3.6560700000000006 -7.09725092052992E14
3.6759250000000003 -7.04666694320128E14
3.6959760000000004 -7.51686922534912E14
3.7159229999999996 -7.50762430824448E14
3.735875 -7.04794469597184E14
3.7557880000000003 -7.52893808345088E14
3.7757560000000003 -7.51663300214784E14
3.795807 -7.12605941366784E14
3.8166280000000006 -7.07840675151872E14
3.8357870000000003 -7.52233457123328E14
3.855719 -7.5288629215232E14
3.875738 7.793218158592E12
3.8957020000000004 -7.60179146620928E14
3.915792 -7.51434593206272E14
3.935716 -7.60189884039168E14
3.9557210000000005 -7.52684428689408E14
3.975724 -7.5305809084416E14
3.9957210000000005 -7.0480950198272E14
4.01574 -7.0454643523584E14
4.035722 -7.51510828875776E14
4.055727 -7.04508854272E14
4.0757520000000005 -7.52167958872064E14
4.0957550000000005 -7.5287555473408E14
4.116293000000001 -7.04486305693696E14
4.1361170000000005 -7.528540798976E14
4.155697 -7.04463757115392E14
4.175719 -7.04456240922624E14
4.1956999999999995 -7.0882529640448E14
4.215639 -7.08951997939712E14
4.235862 0.0
4.255665 -7.09683216121856E14
4.275701 -7.5523241803776E14
4.295683 -7.52724157136896E14
4.315736 -7.04418659958784E14
4.335691 -7.16622809530368E14
4.355683 -6.98401410777088E14
4.375745 -7.55243155456E14
4.395695000000001 -7.11414087942144E14
4.415671000000001 -7.09830318751744E14
4.435694000000001 -7.06713246236672E14
4.455673 -7.04603343552512E14
4.475738000000001 -7.04411143766016E14
4.4957210000000005 -7.06722909913088E14
4.515716 -7.5149579649024E14
4.536056 -7.51488280297472E14
4.555917 -7.12797067411456E14
4.57574 -7.04356382932992E14
4.595752 -7.04348866740224E14
4.615652 -7.0484708294656E14
4.635792 -7.04839566753792E14
4.655673 -7.0457864749056E14
4.675657 -7.09725092052992E14
4.695692 -7.04666694320128E14
4.715773 -7.51686922534912E14
4.735765000000001 -7.50762430824448E14
4.755718 -7.04794469597184E14
4.775762 -7.52893808345088E14
4.795734 -7.51663300214784E14
4.815722 -7.12605941366784E14
4.835767 -7.07840675151872E14
4.856131 -7.52233457123328E14
4.875722 -7.5288629215232E14
4.895892 -4.062296122009112E19
4.915744000000001 -4.063172212874124E19
4.935727 -4.063172212874124E19
4.955698 -4.063172212874124E19
4.975725000000001 -4.063172212874124E19
4.996002000000001 -4.063172212874124E19
5.015733 -4.063172212874124E19
5.035728 -4.063172212874124E19
5.055751 -4.063172212874124E19
5.075673 -4.063172212874124E19
5.095665 -4.063172212874124E19
5.115660000000001 -4.063172212874124E19
5.135679000000001 -4.063172212874124E19
5.155648 -4.063172212874124E19
5.175657 -4.063172212874124E19
5.195641 -4.063172212874124E19
5.215673 -4.063172212874124E19
5.235653999999999 -4.063172212874124E19
5.255785 -4.063172212874124E19
5.275708 -4.063172212874124E19
5.295739 -4.063172212874124E19
5.315720000000001 -4.063172212874124E19
5.3356889999999995 -4.063172212874124E19
5.3558959999999995 -4.063172212874124E19
5.375943 -4.063172212874124E19
5.395915 -4.063172212874124E19
5.415741000000001 -4.063172212874124E19
5.435722000000001 -4.063172212874124E19
5.455673 -4.063172212874124E19
5.475673 -4.063172212874124E19
5.495711 -4.063172212874124E19
5.515715000000001 -4.063172212874124E19
5.535680999999999 -4.063172212874124E19
5.555876 -4.063172212874124E19
5.576003 -4.063172212874124E19
5.595788 -4.063172212874124E19
5.615824 -4.063172212874124E19
5.635729 -4.063172212874124E19
5.655694 -4.063172212874124E19
5.675687000000001 -4.063172212874124E19
5.6957320000000005 -4.063172212874124E19
5.7157 -4.063172212874124E19
5.735753 -4.063172212874124E19
5.755702 -4.063172212874124E19
5.775711 -4.063172212874124E19
5.795729000000001 -4.063172212874124E19
5.815706000000001 -4.063172212874124E19
5.835724000000001 -4.063172212874124E19
5.855685 -4.063172212874124E19
5.875683 -4.063172212874124E19
5.895702 -4.063172212874124E19
5.915685000000001 -4.063172212874124E19
5.935696000000001 -4.063172212874124E19
5.955701 -4.063172212874124E19
5.975673 -4.063172212874124E19
5.995763 -4.063172212874124E19
6.015745 -4.063172212874124E19
6.0360000000000005 -4.063172212874124E19
6.055750999999999 -4.063172212874124E19
6.075702000000001 -4.063172212874124E19
6.095806 -4.063172212874124E19
6.115701 -4.063172212874124E19
6.136749000000001 -4.063172212874124E19
6.155724000000001 -4.063172212874124E19
6.1757290000000005 -4.063172212874124E19
6.195659000000001 -4.063172212874124E19
6.215889 -4.063172212874124E19
6.235914 -4.063172212874124E19
6.255875999999999 -4.063172212874124E19
6.275646 -4.063172212874124E19
6.295687000000001 -4.063172212874124E19
6.315634999999999 -4.063172212874124E19
6.335662999999999 -4.063172212874124E19
6.355769 -4.063172212874124E19
6.375656 -4.063172212874124E19
6.395688999999999 -4.063172212874124E19
6.415779 -4.063172212874124E19
6.435892000000001 -4.063172212874124E19
6.455953 -4.063172212874124E19
6.4757169999999995 -4.063172212874124E19
6.495696000000001 -4.063172212874124E19
6.515699 -4.063172212874124E19
6.535769999999999 -4.063172212874124E19
6.555668000000001 -4.063172212874124E19
6.57565 -4.063172212874124E19
6.595648 -4.063172212874124E19
6.615634999999999 -4.063172212874124E19
6.63572 -4.063172212874124E19
6.655701 -4.063172212874124E19
6.675927000000001 -4.063172212874124E19
6.695715999999999 -4.063172212874124E19
6.715750000000001 -4.063172212874124E19
6.735677000000001 -4.063172212874124E19
6.755670000000001 -4.063172212874124E19
6.775656 -4.063172212874124E19
6.795657 -4.063172212874124E19
6.815656 -4.063172212874124E19
6.8356889999999995 -4.063172212874124E19
6.855681 -4.063172212874124E19
6.875670000000001 -4.063172212874124E19
6.895726 -4.063172212874124E19
6.9158290000000004 -4.063172212874124E19
6.935830000000001 -4.063172212874124E19
6.955865000000001 -4.063172212874124E19
6.975731000000001 -4.063172212874124E19
6.995697999999999 -4.063172212874124E19
7.015699 -4.063172212874124E19
7.0357400000000005 -4.063172212874124E19
7.055679000000001 -4.063172212874124E19
7.0756369999999995 -4.063172212874124E19
7.095840000000001 -4.063172212874124E19
7.1157509999999995 -4.063172212874124E19
7.1357 -4.063172212874124E19
7.155756 -4.063172212874124E19
7.175881 -4.063172212874124E19
7.195709 -4.063172212874124E19
7.2158180000000005 -4.063172212874124E19
7.235745 -4.063172212874124E19
7.2558560000000005 -4.063172212874124E19
7.275651000000001 -4.063172212874124E19
7.295659000000001 -4.063172212874124E19
7.316036000000001 -4.063172212874124E19
7.335933 -4.063172212874124E19
7.355682 -4.063172212874124E19
7.375669000000001 -4.063172212874124E19
7.3964039999999995 -4.063172212874124E19
7.4159489999999995 -4.063172212874124E19
7.435685 -4.063172212874124E19
7.455646 -4.063172212874124E19
7.475654 -4.063172212874124E19
7.495642000000001 -4.063172212874124E19
7.515649000000001 -4.063172212874124E19
7.5356760000000005 -4.063172212874124E19
7.555688999999999 -4.063172212874124E19
7.575667 -4.063172212874124E19
7.595669000000001 -4.063172212874124E19
7.6156690000000005 -4.063172212874124E19
7.635622000000001 -4.063172212874124E19
7.65562 -4.063172212874124E19
7.675633 -4.063172212874124E19
7.69564 -4.063172212874124E19
7.7156649999999996 -4.063172212874124E19
7.735661000000001 -4.063172212874124E19
7.755637 -4.063172212874124E19
7.775712 -4.063172212874124E19
7.795743 -4.063172212874124E19
7.8158069999999995 -4.063172212874124E19
7.835694 -4.063172212874124E19
7.855705000000001 -4.063172212874124E19
7.875654 -4.063172212874124E19
7.8956729999999995 -4.063172212874124E19
7.915916 -4.063172212874124E19
7.935882 -4.063172212874124E19
7.955824 -4.063172212874124E19
7.975670999999999 -4.063172212874124E19
7.995697000000001 -4.063172212874124E19
8.015751 -4.063172212874124E19
Started At:-4.062690186976507E19
Ended At:4.1026148743239435E-34
Total Distance Travelled:4.062690186976507E19
Motor ID:1
