5.549008661167007E-22
6.73744301647372E-42
6.782284567332115E-42
6.827126118190509E-42
6.871967669048903E-42
6.916809219907297E-42
6.961650770765691E-42
7.006492321624085E-42
7.05133387248248E-42
7.096175423340874E-42
7.141016974199268E-42
7.185858525057662E-42
7.253120851345253E-42
7.297962402203647E-42
5.548596686447864E-22
5.548596686447864E-22
5.548596686447864E-22
5.548596686447864E-22
5.548596686447864E-22
5.548596686447864E-22
5.548596686447864E-22
5.548596686447864E-22
5.548596686447864E-22
5.548596686447864E-22
5.548596686447864E-22
5.548596686447864E-22
5.548596686447864E-22
5.548596686447864E-22
5.548596686447864E-22
5.548596686447864E-22
5.548596686447864E-22
5.548596686447864E-22
5.548596686447864E-22
5.548705738579402E-22
5.548596686447864E-22
5.548596686447864E-22
5.548596686447864E-22
5.548596686447864E-22
5.548596686447864E-22
5.548596686447864E-22
5.548596686447864E-22
5.548596686447864E-22
5.548596686447864E-22
5.548596686447864E-22
5.548596686447864E-22
5.548596686447864E-22
5.548596686447864E-22
5.548596686447864E-22
5.548596686447864E-22
5.548596686447864E-22
5.548596686447864E-22
5.548596686447864E-22
5.548596686447864E-22
5.548596686447864E-22
5.548596686447864E-22
5.548596686447864E-22
5.548596686447864E-22
5.548596686447864E-22
5.548596686447864E-22
5.548596686447864E-22
5.548596686447864E-22
5.548596686447864E-22
5.548596686447864E-22
5.548596686447864E-22
5.548596686447864E-22
5.548596686447864E-22
5.548596686447864E-22
5.548596686447864E-22
5.548596686447864E-22
5.548596686447864E-22
5.548596686447864E-22
5.548596686447864E-22
5.548596686447864E-22
5.548596686447864E-22
5.548596686447864E-22
5.548596686447864E-22
5.548596686447864E-22
5.548596686447864E-22
5.548596686447864E-22
5.548596686447864E-22
5.548596686447864E-22
5.548596686447864E-22
5.548596686447864E-22
5.548596686447864E-22
5.548596686447864E-22
5.548596686447864E-22
5.548596686447864E-22
5.548596686447864E-22
5.548596686447864E-22
5.548596686447864E-22
5.548596686447864E-22
5.548596686447864E-22
5.548596686447864E-22
5.548596686447864E-22
5.548596686447864E-22
5.548596686447864E-22
5.548596686447864E-22
5.548596686447864E-22
5.548596686447864E-22
5.548596686447864E-22
5.548596686447864E-22
5.548596686447864E-22
5.548596686447864E-22
5.548596686447864E-22
5.548596686447864E-22
5.548596686447864E-22
5.548596686447864E-22
5.548596686447864E-22
5.548596686447864E-22
5.548596686447864E-22
5.548596686447864E-22
1.3891298199069678E-25
5.548596686447864E-22
5.548596686447864E-22
5.548596686447864E-22
5.548596686447864E-22
5.548596686447864E-22
5.548596686447864E-22
5.548596686447864E-22
5.548596686447864E-22
5.548596686447864E-22
5.548596686447864E-22
5.548596686447864E-22
5.548596686447864E-22
5.548596686447864E-22
5.548596686447864E-22
5.548596686447864E-22
5.548386660120458E-22
5.548257413149747E-22
5.548257413149747E-22
5.548257413149747E-22
5.548257413149747E-22
5.548257413149747E-22
5.548257413149747E-22
5.548257413149747E-22
5.548257413149747E-22
5.548257413149747E-22
5.548257413149747E-22
5.548257413149747E-22
5.548257413149747E-22
5.548257413149747E-22
5.548257413149747E-22
5.548257413149747E-22
5.548257413149747E-22
5.548257413149747E-22
5.548257413149747E-22
5.548257413149747E-22
5.548257413149747E-22
5.548257413149747E-22
5.548257413149747E-22
5.548257413149747E-22
5.548257413149747E-22
5.548257413149747E-22
5.548257413149747E-22
5.548257413149747E-22
5.548257413149747E-22
5.548257413149747E-22
5.548257413149747E-22
5.548257413149747E-22
5.548257413149747E-22
5.548257413149747E-22
1.205527374597435E-25
5.548257413149747E-22
5.548257413149747E-22
5.548257413149747E-22
5.548257413149747E-22
5.548257413149747E-22
5.548257413149747E-22
5.548257413149747E-22
5.548257413149747E-22
5.548257413149747E-22
5.548257413149747E-22
5.548257413149747E-22
5.548257413149747E-22
5.548257413149747E-22
5.548257413149747E-22
5.548257413149747E-22
5.548257413149747E-22
5.548257413149747E-22
5.548257413149747E-22
5.548257413149747E-22
5.548257413149747E-22
5.548257413149747E-22
5.548257413149747E-22
5.548257413149747E-22
5.548257413149747E-22
5.548257413149747E-22
5.548257413149747E-22
5.548257413149747E-22
5.548257413149747E-22
5.548257413149747E-22
5.548257413149747E-22
5.548257413149747E-22
5.548257413149747E-22
5.548257413149747E-22
5.548257413149747E-22
5.548257413149747E-22
5.548257413149747E-22
5.548257413149747E-22
5.548257413149747E-22
5.548257413149747E-22
5.548257413149747E-22
5.548257413149747E-22
5.548257413149747E-22
5.548257413149747E-22
5.548257413149747E-22
5.548257413149747E-22
5.548257413149747E-22
5.548257413149747E-22
5.548257413149747E-22
5.548257413149747E-22
1.2804326757765646E-25
5.548257413149747E-22
5.548257413149747E-22
5.548257413149747E-22
5.548257413149747E-22
5.548257413149747E-22
5.548257413149747E-22
5.548257413149747E-22
5.548257413149747E-22
5.548257413149747E-22
5.548257413149747E-22
5.548257413149747E-22
5.548257413149747E-22
5.548257413149747E-22
5.548257413149747E-22
5.548257413149747E-22
5.548257413149747E-22
5.548257413149747E-22
5.548257413149747E-22
5.548257413149747E-22
5.548257413149747E-22
5.548257413149747E-22
5.548257413149747E-22
5.548257413149747E-22
5.548257413149747E-22
5.548257413149747E-22
5.548257413149747E-22
5.548257413149747E-22
5.548257413149747E-22
5.548257413149747E-22
5.548257413149747E-22
5.548257413149747E-22
5.548257413149747E-22
5.548257413149747E-22
5.548257413149747E-22
5.548257413149747E-22
5.548257413149747E-22
5.548257413149747E-22
5.548257413149747E-22
5.548257413149747E-22
5.548257413149747E-22
5.548257413149747E-22
5.548257413149747E-22
5.548257413149747E-22
5.548386660120458E-22
0.0
0.0
0.0
0.0
0.0
0.0
0.0
0.0
0.0
0.0
0.0
0.0
0.0
0.0
0.0
0.0
0.0
0.0
0.0
0.0
0.0
0.0
0.0
0.0
0.0
0.0
0.0
0.0
0.0
0.0
0.0
0.0
0.0
0.0
0.0
0.0
0.0
0.0
0.0
0.0
0.0
0.0
0.0
0.0
0.0
0.0
0.0
0.0
0.0
0.0
0.0
0.0
0.0
0.0
0.0
0.0
0.0
0.0
0.0
0.0
0.0
0.0
0.0
0.0
0.0
0.0
0.0
0.0
0.0
0.0
0.0
0.0
0.0
0.0
0.0
0.0
5.980171107652605E31
5.980171107652605E31
5.980171107652605E31
5.980171107652605E31
5.980171107652605E31
5.980171107652605E31
5.980171107652605E31
5.980171107652605E31
5.980171107652605E31
5.980171107652605E31
5.980171107652605E31
5.980171107652605E31
5.980171107652605E31
5.980171107652605E31
5.980171107652605E31
5.980171107652605E31
5.980171107652605E31
5.980171107652605E31
5.980171107652605E31
5.980171107652605E31
5.980171107652605E31
5.980171107652605E31
5.980171107652605E31
5.980171107652605E31
5.980171107652605E31
5.980171107652605E31
5.980171107652605E31
5.980171107652605E31
5.980171107652605E31
5.980171107652605E31
2.1019476964872256E-44
5.980171107652605E31
5.980171107652605E31
5.980171107652605E31
5.980171107652605E31
5.980171107652605E31
5.980171107652605E31
5.980171107652605E31
5.980171107652605E31
5.980171107652605E31
5.980171107652605E31
5.980171107652605E31
5.980171107652605E31
5.980171107652605E31
5.980171107652605E31
5.980171107652605E31
5.980171107652605E31
5.980171107652605E31
5.980171107652605E31
5.980171107652605E31
5.980171107652605E31
5.980171107652605E31
5.980171107652605E31
5.980171107652605E31
5.980171107652605E31
5.980171107652605E31
5.980171107652605E31
5.980171107652605E31
5.980171107652605E31
5.980171107652605E31
5.980171107652605E31
5.980171107652605E31
1.4312567558201853E32
5.980171107652605E31
5.980171107652605E31
5.980171107652605E31
5.980171107652605E31
5.980171107652605E31
5.980171107652605E31
5.980171107652605E31
5.980171107652605E31
5.980171107652605E31
5.980171107652605E31
5.980171107652605E31
5.980171107652605E31
5.980171107652605E31
5.980171107652605E31
5.980171107652605E31
5.980171107652605E31
5.980171107652605E31
Started At:5.548839024517948E-22
Ended At:1.894567835947214E-12
Total Distance Travelled:1.89456783539233E-12
Motor ID:1
